RUNNING THE L-BFGS-B CODE

it    = iteration number
nf    = number of function evaluations
nseg  = number of segments explored during the Cauchy search
nact  = number of active bounds at the generalized Cauchy point
sub   = manner in which the subspace minimization terminated:
        con = converged, bnd = a bound was reached
itls  = number of iterations performed in the line search
stepl = step length used
tstep = norm of the displacement (total step)
projg = norm of the projected gradient
f     = function value

           * * *

Machine precision = 2.220D-16
 N =          204     M =           10

   it   nf  nseg  nact  sub  itls  stepl    tstep     projg        f
    0    1     -     -   -     -     -        -     1.092D+00  2.000D+00
    1    3     1     0  ---    1  8.8D-02  3.0D-01  2.518D-01  1.438D+00
    2    4     0     0  con    0  1.0D+00  5.2D-02  2.598D-01  1.415D+00
    3    5     0     0  con    0  1.0D+00  3.9D-01  2.510D-01  1.291D+00
    4    6     0     0  con    0  1.0D+00  4.9D-01  2.237D-01  1.180D+00
    5    7     0     0  con    0  1.0D+00  8.0D-01  4.518D-02  1.051D+00
    6    8     0     0  con    0  1.0D+00  3.3D-01  3.131D-02  1.037D+00
    7    9     0     0  con    0  1.0D+00  1.2D-01  3.738D-02  1.033D+00
    8   10     0     0  con    0  1.0D+00  3.6D-01  2.811D-02  1.017D+00
    9   11     0     0  con    0  1.0D+00  5.7D-01  2.144D-02  9.986D-01
   10   12     0     0  con    0  1.0D+00  6.3D-01  2.817D-02  9.836D-01
   11   13     0     0  con    0  1.0D+00  4.8D-01  3.005D-02  9.739D-01
   12   14     0     0  con    0  1.0D+00  9.2D-01  4.959D-02  9.601D-01
   13   15     0     0  con    0  1.0D+00  2.0D-01  2.398D-02  9.532D-01
   14   16     0     0  con    0  1.0D+00  2.4D-01  1.383D-02  9.488D-01
   15   17     0     0  con    0  1.0D+00  2.1D-01  1.017D-02  9.452D-01
   16   18     0     0  con    0  1.0D+00  1.0D+00  4.490D-02  9.331D-01
   17   20     0     0  con    1  1.9D-01  2.3D-01  1.984D-02  9.307D-01
   18   21     0     0  con    0  1.0D+00  1.6D-01  1.083D-02  9.284D-01
   19   22     0     0  con    0  1.0D+00  1.5D-01  8.071D-03  9.264D-01
   20   23     0     0  con    0  1.0D+00  3.9D-01  1.472D-02  9.220D-01
   21   24     0     0  con    0  1.0D+00  4.8D-01  3.904D-02  9.170D-01
   22   25     0     0  con    0  1.0D+00  9.9D-01  2.745D-02  9.145D-01
   23   26     0     0  con    0  1.0D+00  1.7D-01  1.572D-02  9.113D-01
   24   27     0     0  con    0  1.0D+00  1.4D-01  1.122D-02  9.101D-01
   25   28     0     0  con    0  1.0D+00  2.2D-01  2.188D-02  9.078D-01
   26   29     0     0  con    0  1.0D+00  5.9D-01  3.298D-02  9.043D-01
   27   30     0     0  con    0  1.0D+00  3.2D-01  1.554D-02  9.011D-01
   28   31     0     0  con    0  1.0D+00  3.4D-01  6.122D-03  8.993D-01
   29   32     0     0  con    0  1.0D+00  1.8D-01  8.003D-03  8.982D-01
   30   34     0     0  con    1  3.3D-01  1.8D-01  3.547D-02  8.974D-01
   31   35     0     0  con    0  1.0D+00  3.3D-01  2.378D-02  8.953D-01
   32   36     0     0  con    0  1.0D+00  3.1D-01  1.076D-02  8.929D-01
   33   37     0     0  con    0  1.0D+00  4.3D-01  7.776D-03  8.900D-01
   34   38     0     0  con    0  1.0D+00  3.1D-01  3.396D-02  8.887D-01
   35   39     0     0  con    0  1.0D+00  2.1D-01  6.515D-03  8.871D-01
   36   40     0     0  con    0  1.0D+00  4.1D-02  5.901D-03  8.862D-01
   37   41     0     0  con    0  1.0D+00  2.5D-01  1.292D-02  8.841D-01
   38   42     0     0  con    0  1.0D+00  2.6D-01  1.768D-02  8.823D-01
   39   43     0     0  con    0  1.0D+00  6.7D-01  1.936D-02  8.803D-01
   40   44     0     0  con    0  1.0D+00  1.5D-01  7.883D-03  8.790D-01
   41   45     0     0  con    0  1.0D+00  2.8D-01  1.498D-02  8.775D-01
   42   46     0     0  con    0  1.0D+00  2.7D-01  1.240D-02  8.763D-01
   43   47     0     0  con    0  1.0D+00  9.5D-01  6.193D-02  8.756D-01
   44   48     0     0  con    0  1.0D+00  8.8D-02  1.645D-02  8.723D-01
   45   49     0     0  con    0  1.0D+00  8.1D-02  7.851D-03  8.711D-01
   46   50     0     0  con    0  1.0D+00  1.5D-01  9.767D-03  8.704D-01
   47   51     0     0  con    0  1.0D+00  2.2D-01  2.776D-02  8.689D-01
   48   52     0     0  con    0  1.0D+00  4.9D-01  1.464D-02  8.683D-01
   49   53     0     0  con    0  1.0D+00  1.7D-01  7.078D-03  8.676D-01
   50   54     0     0  con    0  1.0D+00  4.1D-02  8.179D-03  8.672D-01
   51   55     0     0  con    0  1.0D+00  1.3D-01  1.928D-02  8.656D-01
   52   56     0     0  con    0  1.0D+00  3.2D-01  2.278D-02  8.638D-01
   53   57     0     0  con    0  1.0D+00  3.9D-01  1.904D-02  8.618D-01
   54   58     0     0  con    0  1.0D+00  1.0D+00  2.906D-02  8.611D-01
   55   59     0     0  con    0  1.0D+00  1.4D-01  4.078D-02  8.604D-01
   56   60     0     0  con    0  1.0D+00  8.1D-02  9.826D-03  8.595D-01
   57   61     0     0  con    0  1.0D+00  6.6D-02  7.587D-03  8.592D-01
   58   62     0     0  con    0  1.0D+00  2.9D-01  4.731D-03  8.584D-01
   59   63     0     0  con    0  1.0D+00  1.2D-01  1.017D-02  8.578D-01
   60   64     0     0  con    0  1.0D+00  3.6D-01  1.168D-02  8.568D-01
   61   65     0     0  con    0  1.0D+00  4.5D-01  2.782D-02  8.555D-01
   62   66     0     0  con    0  1.0D+00  1.2D+00  7.612D-03  8.551D-01
   63   67     0     0  con    0  1.0D+00  7.2D-01  4.911D-03  8.536D-01
   64   68     0     0  con    0  1.0D+00  1.9D-01  8.742D-03  8.522D-01
   65   69     0     0  con    0  1.0D+00  3.7D-01  3.669D-03  8.508D-01
   66   70     0     0  con    0  1.0D+00  3.3D-01  1.901D-02  8.504D-01
   67   71     0     0  con    0  1.0D+00  1.9D-01  1.152D-02  8.498D-01
   68   72     0     0  con    0  1.0D+00  1.5D-01  5.985D-03  8.493D-01
   69   73     0     0  con    0  1.0D+00  1.5D-01  1.347D-02  8.488D-01
   70   74     0     0  con    0  1.0D+00  3.0D-01  1.627D-02  8.478D-01
   71   75     0     0  con    0  1.0D+00  5.3D-01  2.540D-02  8.467D-01
   72   76     0     0  con    0  1.0D+00  2.0D-01  7.478D-03  8.459D-01
   73   77     0     0  con    0  1.0D+00  5.0D-02  5.732D-03  8.457D-01
   74   78     0     0  con    0  1.0D+00  5.3D-02  6.271D-03  8.455D-01
   75   79     0     0  con    0  1.0D+00  1.1D-01  7.173D-03  8.452D-01
   76   80     0     0  con    0  1.0D+00  2.7D-01  9.612D-03  8.446D-01
   77   81     0     0  con    0  1.0D+00  4.0D-01  1.516D-02  8.440D-01
   78   82     0     0  con    0  1.0D+00  2.5D-01  9.857D-03  8.434D-01
   79   83     0     0  con    0  1.0D+00  3.3D-01  5.176D-03  8.428D-01
   80   84     0     0  con    0  1.0D+00  2.6D-01  1.012D-02  8.423D-01
   81   85     0     0  con    0  1.0D+00  3.5D-01  1.116D-02  8.418D-01
   82   86     0     0  con    0  1.0D+00  1.2D-01  6.765D-03  8.416D-01
   83   87     0     0  con    0  1.0D+00  3.5D-02  4.695D-03  8.415D-01
   84   88     0     0  con    0  1.0D+00  7.9D-02  1.125D-02  8.412D-01
   85   89     0     0  con    0  1.0D+00  1.9D-01  7.097D-03  8.409D-01
   86   90     0     0  con    0  1.0D+00  2.5D-01  6.360D-03  8.405D-01
   87   91     0     0  con    0  1.0D+00  5.7D-01  7.403D-03  8.396D-01
   88   93     0     0  con    1  2.2D-01  2.1D-01  1.163D-02  8.394D-01
   89   94     0     0  con    0  1.0D+00  4.6D-01  7.101D-03  8.387D-01
   90   95     0     0  con    0  1.0D+00  2.0D-01  3.502D-03  8.382D-01
   91   96     0     0  con    0  1.0D+00  1.7D-01  2.903D-03  8.377D-01
   92   97     0     0  con    0  1.0D+00  2.1D-01  7.368D-03  8.372D-01
   93   98     0     0  con    0  1.0D+00  2.2D-01  9.130D-03  8.369D-01
   94   99     0     0  con    0  1.0D+00  7.4D-02  3.405D-03  8.367D-01
   95  100     0     0  con    0  1.0D+00  4.9D-02  3.477D-03  8.365D-01
   96  101     0     0  con    0  1.0D+00  1.6D-01  4.208D-03  8.362D-01
   97  102     0     0  con    0  1.0D+00  1.5D-01  4.738D-03  8.359D-01
   98  103     0     0  con    0  1.0D+00  3.5D-01  1.900D-02  8.357D-01
   99  104     0     0  con    0  1.0D+00  1.1D-01  5.415D-03  8.355D-01
  100  105     0     0  con    0  1.0D+00  6.1D-02  4.141D-03  8.353D-01
  101  106     0     0  con    0  1.0D+00  1.3D-01  4.592D-03  8.351D-01
  102  108     0     0  con    1  4.6D-01  9.3D-02  1.278D-02  8.349D-01
  103  109     0     0  con    0  1.0D+00  2.0D-01  5.907D-03  8.347D-01
  104  110     0     0  con    0  1.0D+00  1.3D-01  2.096D-03  8.346D-01
  105  111     0     0  con    0  1.0D+00  1.7D-01  4.753D-03  8.345D-01
  106  112     0     0  con    0  1.0D+00  1.4D-01  6.597D-03  8.343D-01
  107  113     0     0  con    0  1.0D+00  2.0D-01  9.004D-03  8.339D-01
  108  115     0     0  con    1  1.5D-01  2.5D-01  5.353D-03  8.338D-01
  109  116     0     0  con    0  1.0D+00  1.3D-01  4.083D-03  8.334D-01
  110  117     0     0  con    0  1.0D+00  2.5D-01  2.287D-02  8.332D-01
  111  118     0     0  con    0  1.0D+00  1.3D-01  4.298D-03  8.327D-01
  112  119     0     0  con    0  1.0D+00  5.2D-02  4.217D-03  8.326D-01
  113  120     0     0  con    0  1.0D+00  2.7D-01  1.349D-02  8.325D-01
  114  121     0     0  con    0  1.0D+00  9.6D-02  1.190D-02  8.323D-01
  115  122     0     0  con    0  1.0D+00  4.6D-02  2.859D-03  8.322D-01
  116  123     0     0  con    0  1.0D+00  6.0D-02  2.195D-03  8.321D-01
  117  124     0     0  con    0  1.0D+00  2.0D-01  4.414D-03  8.320D-01
  118  125     0     0  con    0  1.0D+00  1.2D-01  5.375D-03  8.319D-01
  119  126     0     0  con    0  1.0D+00  2.3D-01  4.719D-03  8.317D-01
  120  127     0     0  con    0  1.0D+00  3.4D-01  4.248D-03  8.313D-01
  121  129     0     0  con    1  5.5D-02  1.7D-01  2.952D-03  8.312D-01
  122  130     0     0  con    0  1.0D+00  2.1D-01  8.890D-03  8.309D-01
  123  132     0     0  con    1  4.2D-01  7.4D-02  4.091D-03  8.308D-01
  124  133     0     0  con    0  1.0D+00  7.4D-02  3.540D-03  8.307D-01
  125  134     0     0  con    0  1.0D+00  5.9D-02  2.682D-03  8.306D-01
  126  135     0     0  con    0  1.0D+00  5.4D-02  2.791D-03  8.305D-01
  127  137     0     0  con    1  2.4D-01  5.1D-02  1.030D-02  8.305D-01
  128  138     0     0  con    0  1.0D+00  5.7D-02  7.118D-03  8.303D-01
  129  139     0     0  con    0  1.0D+00  1.2D-01  2.623D-03  8.301D-01
  130  140     0     0  con    0  1.0D+00  1.1D-01  1.764D-03  8.300D-01
  131  141     0     0  con    0  1.0D+00  1.2D-01  2.968D-03  8.299D-01
  132  142     0     0  con    0  1.0D+00  2.3D-01  3.231D-03  8.296D-01
  133  144     0     0  con    1  4.7D-01  1.8D-01  7.802D-03  8.295D-01
  134  145     0     0  con    0  1.0D+00  3.2D-01  1.941D-02  8.294D-01
  135  146     0     0  con    0  1.0D+00  7.6D-02  2.411D-03  8.291D-01
  136  147     0     0  con    0  1.0D+00  4.1D-02  2.499D-03  8.291D-01
  137  148     0     0  con    0  1.0D+00  2.2D-02  2.299D-03  8.290D-01
  138  149     0     0  con    0  1.0D+00  2.7D-01  3.856D-03  8.289D-01
  139  151     0     0  con    1  2.5D-01  1.4D-01  3.086D-03  8.287D-01
  140  152     0     0  con    0  1.0D+00  1.8D-01  5.363D-03  8.285D-01
  141  154     0     0  con    1  2.8D-01  1.6D-01  6.772D-03  8.284D-01
  142  155     0     0  con    0  1.0D+00  1.6D-01  1.737D-03  8.283D-01
  143  156     0     0  con    0  1.0D+00  2.8D-02  1.290D-03  8.283D-01
  144  157     0     0  con    0  1.0D+00  5.0D-02  1.785D-03  8.282D-01
  145  158     0     0  con    0  1.0D+00  5.2D-02  1.937D-03  8.281D-01
  146  159     0     0  con    0  1.0D+00  1.8D-01  1.637D-02  8.281D-01
  147  160     0     0  con    0  1.0D+00  1.2D-01  3.822D-03  8.279D-01
  148  161     0     0  con    0  1.0D+00  6.3D-02  2.165D-03  8.278D-01
  149  162     0     0  con    0  1.0D+00  1.1D-01  2.574D-03  8.277D-01
  150  163     0     0  con    0  1.0D+00  1.8D-01  2.374D-03  8.276D-01
  151  164     0     0  con    0  1.0D+00  2.4D-01  3.203D-03  8.275D-01
  152  166     0     0  con    1  3.1D-01  1.4D-01  6.590D-03  8.274D-01
  153  167     0     0  con    0  1.0D+00  6.9D-02  1.209D-03  8.274D-01
  154  168     0     0  con    0  1.0D+00  1.2D-02  1.214D-03  8.273D-01
  155  169     0     0  con    0  1.0D+00  1.7D-01  3.015D-03  8.272D-01
  156  170     0     0  con    0  1.0D+00  7.2D-02  4.412D-03  8.271D-01
  157  171     0     0  con    0  1.0D+00  2.3D-01  1.316D-03  8.270D-01
  158  172     0     0  con    0  1.0D+00  4.5D-02  2.019D-03  8.270D-01
  159  174     0     0  con    1  2.4D-01  2.2D-02  3.119D-03  8.270D-01
  160  175     0     0  con    0  1.0D+00  2.7D-02  1.696D-03  8.270D-01
  161  176     0     0  con    0  1.0D+00  4.6D-02  1.322D-03  8.269D-01
  162  177     0     0  con    0  1.0D+00  6.7D-02  2.097D-03  8.269D-01
  163  178     0     0  con    0  1.0D+00  7.0D-02  2.474D-03  8.268D-01
  164  180     0     0  con    1  2.4D-01  4.1D-02  3.742D-03  8.268D-01
  165  181     0     0  con    0  1.0D+00  2.6D-02  1.843D-03  8.268D-01
  166  182     0     0  con    0  1.0D+00  3.1D-02  1.374D-03  8.267D-01
  167  183     0     0  con    0  1.0D+00  5.9D-02  1.020D-03  8.267D-01
  168  184     0     0  con    0  1.0D+00  4.1D-02  8.736D-04  8.267D-01
  169  185     0     0  con    0  1.0D+00  9.0D-02  1.880D-03  8.266D-01
  170  187     0     0  con    1  3.2D-01  5.1D-02  3.116D-03  8.266D-01
  171  188     0     0  con    0  1.0D+00  3.7D-02  1.283D-03  8.266D-01
  172  189     0     0  con    0  1.0D+00  2.0D-02  1.175D-03  8.265D-01
  173  190     0     0  con    0  1.0D+00  8.0D-02  2.013D-03  8.265D-01
  174  191     0     0  con    0  1.0D+00  1.7D-01  1.589D-03  8.264D-01
  175  192     0     0  con    0  1.0D+00  1.5D-01  1.672D-03  8.263D-01
  176  194     0     0  con    1  4.3D-01  8.0D-02  4.948D-03  8.263D-01
  177  195     0     0  con    0  1.0D+00  6.5D-02  1.218D-03  8.263D-01
  178  196     0     0  con    0  1.0D+00  1.4D-02  8.924D-04  8.263D-01
  179  197     0     0  con    0  1.0D+00  2.7D-02  7.701D-04  8.262D-01
  180  198     0     0  con    0  1.0D+00  8.0D-02  1.201D-03  8.262D-01
  181  199     0     0  con    0  1.0D+00  1.3D-01  1.062D-03  8.261D-01
  182  201     0     0  con    1  1.7D-01  5.2D-02  3.264D-03  8.261D-01
  183  202     0     0  con    0  1.0D+00  7.6D-02  9.513D-04  8.261D-01
  184  203     0     0  con    0  1.0D+00  3.2D-02  9.702D-04  8.261D-01
  185  204     0     0  con    0  1.0D+00  4.4D-02  1.185D-03  8.261D-01
  186  205     0     0  con    0  1.0D+00  5.8D-02  1.312D-03  8.261D-01
  187  207     0     0  con    1  2.7D-01  1.6D-02  2.910D-03  8.261D-01
  188  208     0     0  con    0  1.0D+00  3.9D-02  1.097D-03  8.260D-01
  189  209     0     0  con    0  1.0D+00  1.9D-02  7.229D-04  8.260D-01
  190  210     0     0  con    0  1.0D+00  1.9D-02  1.070D-03  8.260D-01
  191  211     0     0  con    0  1.0D+00  4.0D-02  1.305D-03  8.260D-01
  192  212     0     0  con    0  1.0D+00  1.1D-01  1.628D-03  8.259D-01
  193  214     0     0  con    1  2.5D-01  2.6D-02  2.297D-03  8.259D-01
  194  215     0     0  con    0  1.0D+00  1.1D-01  1.071D-03  8.259D-01
  195  216     0     0  con    0  1.0D+00  6.6D-02  7.288D-04  8.259D-01
  196  217     0     0  con    0  1.0D+00  1.1D-02  5.896D-04  8.259D-01
  197  218     0     0  con    0  1.0D+00  6.6D-03  4.177D-04  8.259D-01
  198  219     0     0  con    0  1.0D+00  5.7D-02  1.052D-03  8.258D-01
  199  221     0     0  con    1  1.0D-01  3.0D-02  2.345D-03  8.258D-01
  200  222     0     0  con    0  1.0D+00  7.9D-02  1.075D-03  8.258D-01
  201  223     0     0  con    0  1.0D+00  6.8D-02  7.101D-04  8.258D-01
  202  224     0     0  con    0  1.0D+00  9.9D-02  5.209D-04  8.258D-01
  203  225     0     0  con    0  1.0D+00  8.9D-02  7.218D-04  8.257D-01
  204  226     0     0  con    0  1.0D+00  1.0D-01  2.033D-03  8.257D-01
  205  228     0     0  con    1  2.1D-01  5.2D-02  2.580D-03  8.257D-01
  206  229     0     0  con    0  1.0D+00  3.6D-02  6.712D-04  8.257D-01
  207  230     0     0  con    0  1.0D+00  3.4D-02  5.951D-04  8.256D-01
  208  231     0     0  con    0  1.0D+00  3.8D-02  8.607D-04  8.256D-01
  209  232     0     0  con    0  1.0D+00  5.2D-02  9.843D-04  8.256D-01
  210  233     0     0  con    0  1.0D+00  1.7D-02  3.034D-03  8.256D-01
  211  234     0     0  con    0  1.0D+00  3.7D-02  1.745D-03  8.256D-01
  212  235     0     0  con    0  1.0D+00  4.3D-02  6.381D-04  8.256D-01
  213  236     0     0  con    0  1.0D+00  2.7D-02  6.547D-04  8.256D-01
  214  237     0     0  con    0  1.0D+00  4.4D-02  7.922D-04  8.256D-01
  215  238     0     0  con    0  1.0D+00  6.4D-02  1.011D-03  8.255D-01
  216  239     0     0  con    0  1.0D+00  1.9D-01  3.742D-03  8.255D-01
  217  240     0     0  con    0  1.0D+00  4.0D-02  4.274D-03  8.255D-01
  218  241     0     0  con    0  1.0D+00  3.9D-02  9.551D-04  8.255D-01
  219  242     0     0  con    0  1.0D+00  7.8D-03  6.210D-04  8.255D-01
  220  243     0     0  con    0  1.0D+00  2.0D-02  5.176D-04  8.255D-01
  221  244     0     0  con    0  1.0D+00  3.4D-02  9.230D-04  8.255D-01
  222  245     0     0  con    0  1.0D+00  5.0D-02  3.253D-03  8.255D-01
  223  246     0     0  con    0  1.0D+00  2.8D-02  8.226D-04  8.255D-01
  224  247     0     0  con    0  1.0D+00  5.3D-03  9.621D-04  8.255D-01
  225  248     0     0  con    0  1.0D+00  4.7D-02  7.839D-04  8.255D-01
  226  249     0     0  con    0  1.0D+00  4.6D-02  1.654D-03  8.255D-01
  227  250     0     0  con    0  1.0D+00  4.2D-02  9.377D-04  8.254D-01
  228  252     0     0  con    1  4.5D-01  3.0D-02  1.738D-03  8.254D-01
  229  253     0     0  con    0  1.0D+00  1.6D-02  7.814D-04  8.254D-01
  230  254     0     0  con    0  1.0D+00  2.2D-02  5.618D-04  8.254D-01
  231  255     0     0  con    0  1.0D+00  2.2D-02  8.144D-04  8.254D-01
  232  256     0     0  con    0  1.0D+00  4.6D-02  8.717D-04  8.254D-01
  233  258     0     0  con    1  2.3D-01  2.7D-02  2.462D-03  8.254D-01
  234  259     0     0  con    0  1.0D+00  3.0D-02  1.508D-03  8.254D-01
  235  260     0     0  con    0  1.0D+00  4.2D-02  8.207D-04  8.254D-01
  236  261     0     0  con    0  1.0D+00  1.8D-02  5.592D-04  8.254D-01
  237  262     0     0  con    0  1.0D+00  5.2D-03  6.032D-04  8.254D-01
  238  263     0     0  con    0  1.0D+00  2.7D-02  6.239D-04  8.254D-01
  239  264     0     0  con    0  1.0D+00  1.4D-01  1.954D-03  8.254D-01
  240  265     0     0  con    0  1.0D+00  7.1D-02  2.254D-03  8.254D-01
  241  266     0     0  con    0  1.0D+00  1.7D-02  1.335D-03  8.253D-01
  242  267     0     0  con    0  1.0D+00  3.4D-02  6.584D-04  8.253D-01
  243  268     0     0  con    0  1.0D+00  5.5D-02  4.597D-04  8.253D-01
  244  269     0     0  con    0  1.0D+00  5.6D-02  5.831D-04  8.253D-01
  245  270     0     0  con    0  1.0D+00  4.0D-02  5.250D-04  8.253D-01
  246  272     0     0  con    1  3.9D-01  4.0D-02  9.854D-04  8.253D-01
  247  273     0     0  con    0  1.0D+00  1.5D-02  3.601D-04  8.253D-01
  248  274     0     0  con    0  1.0D+00  7.4D-03  5.205D-04  8.253D-01
  249  275     0     0  con    0  1.0D+00  1.3D-02  9.292D-04  8.253D-01
  250  276     0     0  con    0  1.0D+00  2.5D-02  8.998D-04  8.253D-01
  251  277     0     0  con    0  1.0D+00  3.4D-02  5.312D-04  8.253D-01
  252  278     0     0  con    0  1.0D+00  3.7D-02  1.059D-03  8.253D-01
  253  279     0     0  con    0  1.0D+00  1.2D-02  3.557D-04  8.253D-01
  254  280     0     0  con    0  1.0D+00  8.5D-03  3.695D-04  8.253D-01
  255  281     0     0  con    0  1.0D+00  2.1D-02  5.530D-04  8.253D-01
  256  283     0     0  con    1  4.9D-01  1.3D-02  1.081D-03  8.253D-01
  257  284     0     0  con    0  1.0D+00  9.9D-03  3.244D-04  8.253D-01
  258  285     0     0  con    0  1.0D+00  3.0D-03  2.630D-04  8.253D-01
  259  286     0     0  con    0  1.0D+00  1.4D-02  4.676D-04  8.253D-01
  260  287     0     0  con    0  1.0D+00  2.1D-02  6.414D-04  8.253D-01
  261  288     0     0  con    0  1.0D+00  3.8D-02  7.404D-04  8.253D-01
  262  289     0     0  con    0  1.0D+00  4.0D-02  1.294D-03  8.253D-01
  263  290     0     0  con    0  1.0D+00  8.6D-03  7.662D-04  8.252D-01
  264  291     0     0  con    0  1.0D+00  5.3D-03  4.195D-04  8.252D-01
  265  292     0     0  con    0  1.0D+00  1.9D-03  3.388D-04  8.252D-01
  266  293     0     0  con    0  1.0D+00  1.4D-02  5.483D-04  8.252D-01
  267  294     0     0  con    0  1.0D+00  1.7D-02  5.782D-04  8.252D-01
  268  295     0     0  con    0  1.0D+00  3.3D-02  7.581D-04  8.252D-01
  269  296     0     0  con    0  1.0D+00  9.0D-03  3.226D-04  8.252D-01
  270  297     0     0  con    0  1.0D+00  3.7D-03  2.721D-04  8.252D-01
  271  298     0     0  con    0  1.0D+00  2.5D-02  2.514D-04  8.252D-01
  272  299     0     0  con    0  1.0D+00  2.8D-02  6.190D-04  8.252D-01
  273  300     0     0  con    0  1.0D+00  1.4D-02  4.241D-04  8.252D-01
  274  301     0     0  con    0  1.0D+00  2.1D-02  1.275D-03  8.252D-01
  275  302     0     0  con    0  1.0D+00  7.4D-03  3.850D-04  8.252D-01
  276  303     0     0  con    0  1.0D+00  3.1D-03  2.970D-04  8.252D-01
  277  304     0     0  con    0  1.0D+00  1.1D-02  5.706D-04  8.252D-01
  278  305     0     0  con    0  1.0D+00  1.8D-02  9.890D-04  8.252D-01
  279  306     0     0  con    0  1.0D+00  2.3D-02  2.844D-04  8.252D-01
  280  307     0     0  con    0  1.0D+00  1.6D-02  3.114D-04  8.252D-01
  281  308     0     0  con    0  1.0D+00  1.3D-02  1.315D-03  8.252D-01
  282  309     0     0  con    0  1.0D+00  1.6D-02  1.160D-03  8.252D-01
  283  310     0     0  con    0  1.0D+00  2.3D-02  4.811D-04  8.252D-01
  284  311     0     0  con    0  1.0D+00  1.0D-02  2.064D-04  8.252D-01
  285  312     0     0  con    0  1.0D+00  5.9D-03  3.211D-04  8.252D-01
  286  313     0     0  con    0  1.0D+00  8.5D-03  3.188D-04  8.252D-01
  287  315     0     0  con    1  4.4D-01  1.0D-02  1.291D-03  8.252D-01
  288  316     0     0  con    0  1.0D+00  8.9D-03  4.527D-04  8.252D-01
  289  317     0     0  con    0  1.0D+00  1.2D-02  3.704D-04  8.252D-01
  290  318     0     0  con    0  1.0D+00  1.1D-02  5.465D-04  8.252D-01
  291  319     0     0  con    0  1.0D+00  1.8D-02  8.586D-04  8.252D-01
  292  320     0     0  con    0  1.0D+00  2.7D-02  6.663D-04  8.252D-01
  293  321     0     0  con    0  1.0D+00  2.2D-03  2.563D-04  8.252D-01
  294  322     0     0  con    0  1.0D+00  6.4D-03  3.550D-04  8.252D-01
  295  323     0     0  con    0  1.0D+00  5.1D-03  3.963D-04  8.252D-01
  296  324     0     0  con    0  1.0D+00  4.5D-02  9.002D-04  8.252D-01
  297  325     0     0  con    0  1.0D+00  7.6D-03  1.762D-04  8.252D-01
  298  326     0     0  con    0  1.0D+00  7.6D-03  1.727D-04  8.252D-01
  299  328     0     0  con    1  4.6D-01  9.1D-03  5.431D-04  8.252D-01
  300  329     0     0  con    0  1.0D+00  9.6D-03  3.061D-04  8.252D-01
  301  330     0     0  con    0  1.0D+00  9.6D-03  2.094D-04  8.252D-01
  302  331     0     0  con    0  1.0D+00  1.3D-02  2.428D-04  8.252D-01
  303  332     0     0  con    0  1.0D+00  1.1D-02  3.786D-04  8.252D-01
  304  334     0     0  con    1  3.6D-01  8.3D-03  5.852D-04  8.252D-01
  305  335     0     0  con    0  1.0D+00  3.4D-03  1.687D-04  8.252D-01
  306  336     0     0  con    0  1.0D+00  1.4D-03  1.826D-04  8.252D-01
  307  337     0     0  con    0  1.0D+00  3.9D-03  2.205D-04  8.252D-01
  308  338     0     0  con    0  1.0D+00  1.1D-02  3.000D-04  8.252D-01
  309  340     0     0  con    1  3.8D-01  9.2D-03  5.803D-04  8.252D-01
  310  341     0     0  con    0  1.0D+00  6.0D-03  2.460D-04  8.252D-01
  311  342     0     0  con    0  1.0D+00  5.0D-03  2.090D-04  8.252D-01
  312  343     0     0  con    0  1.0D+00  8.7D-03  4.210D-04  8.252D-01
  313  344     0     0  con    0  1.0D+00  8.0D-03  2.455D-04  8.252D-01
  314  345     0     0  con    0  1.0D+00  4.4D-03  2.894D-04  8.252D-01
  315  346     0     0  con    0  1.0D+00  1.0D-02  2.128D-04  8.252D-01
  316  347     0     0  con    0  1.0D+00  1.5D-02  7.941D-04  8.252D-01
  317  348     0     0  con    0  1.0D+00  1.9D-02  1.033D-03  8.252D-01
  318  349     0     0  con    0  1.0D+00  7.0D-03  1.628D-04  8.252D-01
  319  350     0     0  con    0  1.0D+00  1.3D-03  1.321D-04  8.252D-01
  320  351     0     0  con    0  1.0D+00  2.3D-03  1.577D-04  8.252D-01
  321  352     0     0  con    0  1.0D+00  8.1D-03  4.142D-04  8.252D-01
  322  353     0     0  con    0  1.0D+00  2.1D-02  1.527D-03  8.252D-01
  323  354     0     0  con    0  1.0D+00  3.8D-03  3.007D-04  8.252D-01
  324  355     0     0  con    0  1.0D+00  4.0D-03  2.691D-04  8.252D-01
  325  356     0     0  con    0  1.0D+00  8.0D-03  4.088D-04  8.252D-01
  326  357     0     0  con    0  1.0D+00  1.0D-02  4.413D-04  8.252D-01
  327  359     0     0  con    1  3.9D-01  1.6D-02  5.615D-04  8.252D-01
  328  360     0     0  con    0  1.0D+00  9.9D-03  2.772D-04  8.252D-01
  329  361     0     0  con    0  1.0D+00  2.0D-03  1.419D-04  8.252D-01
  330  362     0     0  con    0  1.0D+00  9.5D-04  2.555D-04  8.252D-01
  331  363     0     0  con    0  1.0D+00  1.9D-03  2.764D-04  8.252D-01
  332  364     0     0  con    0  1.0D+00  1.1D-02  1.529D-04  8.252D-01
  333  365     0     0  con    0  1.0D+00  9.0D-03  1.905D-04  8.252D-01
  334  367     0     0  con    1  2.8D-01  4.2D-03  4.932D-04  8.252D-01
  335  368     0     0  con    0  1.0D+00  7.8D-03  4.307D-04  8.252D-01
  336  369     0     0  con    0  1.0D+00  1.4D-02  1.938D-04  8.252D-01
  337  370     0     0  con    0  1.0D+00  8.2D-03  1.382D-04  8.252D-01
  338  371     0     0  con    0  1.0D+00  6.3D-03  1.875D-04  8.252D-01
  339  372     0     0  con    0  1.0D+00  1.2D-02  9.921D-05  8.252D-01
  340  374     0     0  con    1  2.1D-01  4.1D-03  6.379D-04  8.252D-01
  341  375     0     0  con    0  1.0D+00  8.8D-03  1.205D-04  8.252D-01
  342  376     0     0  con    0  1.0D+00  1.5D-03  1.325D-04  8.252D-01
  343  377     0     0  con    0  1.0D+00  2.9D-03  1.319D-04  8.252D-01
  344  378     0     0  con    0  1.0D+00  5.1D-03  1.469D-04  8.252D-01
  345  380     0     0  con    1  1.2D-01  1.2D-03  2.302D-04  8.252D-01
  346  381     0     0  con    0  1.0D+00  2.6D-03  9.601D-05  8.252D-01
  347  382     0     0  con    0  1.0D+00  1.6D-03  8.691D-05  8.252D-01
  348  383     0     0  con    0  1.0D+00  5.0D-03  1.374D-04  8.252D-01
  349  384     0     0  con    0  1.0D+00  5.8D-03  1.524D-04  8.252D-01
  350  385     0     0  con    0  1.0D+00  1.5D-02  4.098D-04  8.252D-01
  351  387     0     0  con    1  3.7D-01  2.7D-03  3.120D-04  8.252D-01
  352  388     0     0  con    0  1.0D+00  2.6D-03  1.356D-04  8.252D-01
  353  389     0     0  con    0  1.0D+00  3.2D-03  6.861D-05  8.252D-01
  354  390     0     0  con    0  1.0D+00  2.4D-03  8.645D-05  8.252D-01
  355  391     0     0  con    0  1.0D+00  9.7D-03  1.187D-04  8.252D-01
  356  393     0     0  con    1  5.2D-01  6.2D-03  4.669D-04  8.252D-01
  357  394     0     0  con    0  1.0D+00  8.2D-03  2.431D-04  8.252D-01
  358  395     0     0  con    0  1.0D+00  7.4D-03  8.181D-05  8.252D-01
  359  396     0     0  con    0  1.0D+00  4.7D-03  8.282D-05  8.252D-01
  360  397     0     0  con    0  1.0D+00  6.4D-03  9.705D-05  8.252D-01
  361  398     0     0  con    0  1.0D+00  1.1D-02  1.347D-04  8.252D-01
  362  400     0     0  con    1  2.8D-01  4.2D-03  2.679D-04  8.252D-01
  363  401     0     0  con    0  1.0D+00  8.5D-03  1.168D-04  8.252D-01
  364  402     0     0  con    0  1.0D+00  3.6D-03  7.203D-05  8.252D-01
  365  403     0     0  con    0  1.0D+00  3.7D-03  7.755D-05  8.252D-01
  366  404     0     0  con    0  1.0D+00  4.2D-03  1.064D-04  8.252D-01
  367  405     0     0  con    0  1.0D+00  1.1D-02  1.415D-04  8.252D-01
  368  407     0     0  con    1  3.2D-01  1.0D-02  4.159D-04  8.252D-01
  369  408     0     0  con    0  1.0D+00  1.1D-02  1.511D-04  8.252D-01
  370  409     0     0  con    0  1.0D+00  1.4D-03  6.181D-05  8.252D-01
  371  410     0     0  con    0  1.0D+00  1.8D-03  5.158D-05  8.252D-01
  372  411     0     0  con    0  1.0D+00  4.6D-03  1.129D-04  8.252D-01
  373  412     0     0  con    0  1.0D+00  5.2D-03  1.579D-04  8.252D-01
  374  414     0     0  con    1  2.1D-01  1.7D-03  1.187D-04  8.252D-01
  375  415     0     0  con    0  1.0D+00  1.4D-03  6.924D-05  8.252D-01
  376  416     0     0  con    0  1.0D+00  5.1D-04  6.061D-05  8.252D-01
  377  417     0     0  con    0  1.0D+00  2.1D-03  8.225D-05  8.252D-01
  378  418     0     0  con    0  1.0D+00  3.2D-03  8.956D-05  8.252D-01
  379  419     0     0  con    0  1.0D+00  8.0D-03  2.168D-04  8.252D-01
  380  421     0     0  con    1  1.7D-01  2.7D-03  1.936D-04  8.252D-01
  381  422     0     0  con    0  1.0D+00  4.8D-03  1.573D-04  8.252D-01
  382  423     0     0  con    0  1.0D+00  2.9D-03  9.444D-05  8.252D-01
  383  424     0     0  con    0  1.0D+00  3.5D-03  6.443D-05  8.252D-01
  384  425     0     0  con    0  1.0D+00  5.1D-03  1.432D-04  8.252D-01
  385  427     0     0  con    1  4.1D-01  2.8D-03  1.549D-04  8.252D-01
  386  428     0     0  con    0  1.0D+00  3.8D-03  6.021D-05  8.252D-01
  387  429     0     0  con    0  1.0D+00  2.1D-03  5.877D-05  8.252D-01
  388  430     0     0  con    0  1.0D+00  4.2D-03  7.983D-05  8.252D-01
  389  431     0     0  con    0  1.0D+00  1.4D-02  2.153D-04  8.252D-01
  390  432     0     0  con    0  1.0D+00  2.2D-03  5.692D-05  8.252D-01
  391  433     0     0  con    0  1.0D+00  1.5D-03  6.288D-05  8.252D-01
  392  435     0     0  con    1  3.4D-01  1.2D-03  2.099D-04  8.252D-01
  393  436     0     0  con    0  1.0D+00  1.4D-03  7.029D-05  8.252D-01
  394  437     0     0  con    0  1.0D+00  2.4D-03  6.995D-05  8.252D-01
  395  438     0     0  con    0  1.0D+00  5.4D-03  1.039D-04  8.252D-01
  396  439     0     0  con    0  1.0D+00  6.2D-03  1.175D-04  8.252D-01
  397  441     0     0  con    1  9.7D-02  2.5D-03  1.745D-04  8.252D-01
  398  442     0     0  con    0  1.0D+00  7.0D-03  5.926D-05  8.252D-01
  399  443     0     0  con    0  1.0D+00  2.7D-03  7.176D-05  8.252D-01
  400  444     0     0  con    0  1.0D+00  4.6D-03  6.843D-05  8.252D-01
  401  445     0     0  con    0  1.0D+00  5.5D-03  9.354D-05  8.252D-01
  402  447     0     0  con    1  3.1D-01  5.7D-03  1.872D-04  8.252D-01
  403  448     0     0  con    0  1.0D+00  6.0D-03  1.813D-04  8.252D-01
  404  449     0     0  con    0  1.0D+00  1.0D-03  8.231D-05  8.252D-01
  405  450     0     0  con    0  1.0D+00  9.5D-04  6.325D-05  8.252D-01
  406  451     0     0  con    0  1.0D+00  9.1D-04  5.356D-05  8.252D-01
  407  452     0     0  con    0  1.0D+00  1.6D-03  4.733D-05  8.251D-01
  408  453     0     0  con    0  1.0D+00  3.7D-03  1.102D-04  8.251D-01
  409  455     0     0  con    1  1.4D-01  2.5D-03  2.032D-04  8.251D-01
  410  456     0     0  con    0  1.0D+00  4.2D-03  6.989D-05  8.251D-01
  411  457     0     0  con    0  1.0D+00  2.7D-03  3.587D-05  8.251D-01
  412  458     0     0  con    0  1.0D+00  2.2D-03  4.114D-05  8.251D-01
  413  459     0     0  con    0  1.0D+00  2.5D-03  5.129D-05  8.251D-01
  414  461     0     0  con    1  3.8D-01  2.1D-03  1.055D-04  8.251D-01
  415  462     0     0  con    0  1.0D+00  2.6D-03  6.392D-05  8.251D-01
  416  463     0     0  con    0  1.0D+00  2.0D-03  6.633D-05  8.251D-01
  417  464     0     0  con    0  1.0D+00  8.3D-03  8.792D-05  8.251D-01
  418  465     0     0  con    0  1.0D+00  1.3D-02  1.002D-04  8.251D-01
  419  466     0     0  con    0  1.0D+00  3.7D-03  3.470D-05  8.251D-01
  420  467     0     0  con    0  1.0D+00  1.5D-03  3.024D-05  8.251D-01
  421  469     0     0  con    1  3.8D-01  4.8D-04  1.225D-04  8.251D-01
  422  470     0     0  con    0  1.0D+00  9.4D-04  7.045D-05  8.251D-01
  423  471     0     0  con    0  1.0D+00  2.2D-03  5.192D-05  8.251D-01
  424  472     0     0  con    0  1.0D+00  2.3D-03  3.793D-05  8.251D-01
  425  473     0     0  con    0  1.0D+00  3.3D-03  3.958D-05  8.251D-01
  426  475     0     0  con    1  1.9D-01  7.0D-04  1.268D-04  8.251D-01
  427  476     0     0  con    0  1.0D+00  1.7D-03  7.166D-05  8.251D-01
  428  477     0     0  con    0  1.0D+00  1.4D-03  3.380D-05  8.251D-01
  429  478     0     0  con    0  1.0D+00  2.8D-03  4.345D-05  8.251D-01
  430  479     0     0  con    0  1.0D+00  1.7D-03  4.614D-05  8.251D-01
  431  481     0     0  con    1  3.0D-01  2.2D-03  1.618D-04  8.251D-01
  432  482     0     0  con    0  1.0D+00  3.5D-03  9.836D-05  8.251D-01
  433  483     0     0  con    0  1.0D+00  3.3D-03  1.171D-04  8.251D-01
  434  484     0     0  con    0  1.0D+00  1.1D-03  4.209D-05  8.251D-01
  435  485     0     0  con    0  1.0D+00  1.0D-03  2.984D-05  8.251D-01
  436  486     0     0  con    0  1.0D+00  1.8D-03  3.213D-05  8.251D-01
  437  487     0     0  con    0  1.0D+00  3.6D-03  1.659D-04  8.251D-01
  438  488     0     0  con    0  1.0D+00  3.5D-03  6.995D-05  8.251D-01
  439  489     0     0  con    0  1.0D+00  4.0D-04  3.473D-05  8.251D-01
  440  490     0     0  con    0  1.0D+00  8.6D-04  2.733D-05  8.251D-01
  441  491     0     0  con    0  1.0D+00  2.3D-03  3.016D-05  8.251D-01
  442  492     0     0  con    0  1.0D+00  4.0D-03  6.279D-05  8.251D-01
  443  494     0     0  con    1  2.1D-01  2.4D-03  8.255D-05  8.251D-01
  444  495     0     0  con    0  1.0D+00  1.4D-03  4.957D-05  8.251D-01
  445  496     0     0  con    0  1.0D+00  1.1D-03  2.400D-05  8.251D-01
  446  497     0     0  con    0  1.0D+00  1.5D-03  6.384D-05  8.251D-01
  447  498     0     0  con    0  1.0D+00  2.1D-03  4.502D-05  8.251D-01
  448  499     0     0  con    0  1.0D+00  2.1D-03  1.339D-04  8.251D-01
  449  500     0     0  con    0  1.0D+00  1.3D-03  8.639D-05  8.251D-01
  450  501     0     0  con    0  1.0D+00  2.4D-04  3.962D-05  8.251D-01
  451  502     0     0  con    0  1.0D+00  1.2D-03  4.072D-05  8.251D-01
  452  503     0     0  con    0  1.0D+00  2.0D-03  5.196D-05  8.251D-01
  453  504     0     0  con    0  1.0D+00  4.5D-03  3.851D-05  8.251D-01
  454  505     0     0  con    0  1.0D+00  7.0D-03  7.944D-05  8.251D-01
  455  507     0     0  con    1  1.3D-01  1.8D-03  5.170D-05  8.251D-01
  456  508     0     0  con    0  1.0D+00  2.8D-03  3.074D-05  8.251D-01
  457  509     0     0  con    0  1.0D+00  9.9D-04  1.312D-05  8.251D-01
  458  510     0     0  con    0  1.0D+00  6.7D-04  1.361D-05  8.251D-01
  459  511     0     0  con    0  1.0D+00  1.2D-03  2.799D-05  8.251D-01
  460  513     0     0  con    1  8.7D-02  2.3D-04  4.474D-05  8.251D-01
  461  514     0     0  con    0  1.0D+00  1.7D-03  2.355D-05  8.251D-01
  462  515     0     0  con    0  1.0D+00  1.9D-03  3.145D-05  8.251D-01
  463  516     0     0  con    0  1.0D+00  3.8D-03  1.684D-05  8.251D-01
  464  517     0     0  con    0  1.0D+00  1.8D-03  4.678D-05  8.251D-01
  465  518     0     0  con    0  1.0D+00  2.0D-03  2.108D-05  8.251D-01
  466  519     0     0  con    0  1.0D+00  1.5D-03  1.776D-05  8.251D-01
  467  521     0     0  con    1  4.1D-01  1.3D-03  5.087D-05  8.251D-01
  468  522     0     0  con    0  1.0D+00  1.2D-03  1.557D-05  8.251D-01
  469  523     0     0  con    0  1.0D+00  4.5D-04  1.465D-05  8.251D-01
  470  524     0     0  con    0  1.0D+00  6.3D-04  1.955D-05  8.251D-01
  471  525     0     0  con    0  1.0D+00  7.5D-04  6.382D-05  8.251D-01
  472  526     0     0  con    0  1.0D+00  5.7D-04  1.732D-05  8.251D-01
  473  527     0     0  con    0  1.0D+00  2.2D-04  1.398D-05  8.251D-01
  474  528     0     0  con    0  1.0D+00  6.7D-04  1.746D-05  8.251D-01
  475  529     0     0  con    0  1.0D+00  1.3D-03  2.335D-05  8.251D-01
  476  531     0     0  con    1  2.7D-01  9.1D-04  5.221D-05  8.251D-01
  477  532     0     0  con    0  1.0D+00  8.0D-04  1.811D-05  8.251D-01
  478  533     0     0  con    0  1.0D+00  5.5D-04  2.565D-05  8.251D-01
  479  534     0     0  con    0  1.0D+00  5.0D-04  1.811D-05  8.251D-01
  480  535     0     0  con    0  1.0D+00  5.5D-04  5.175D-05  8.251D-01
  481  536     0     0  con    0  1.0D+00  2.2D-04  2.660D-05  8.251D-01
  482  537     0     0  con    0  1.0D+00  7.1D-04  2.251D-05  8.251D-01
  483  538     0     0  con    0  1.0D+00  3.9D-04  2.224D-05  8.251D-01
  484  540     0     0  con    1  3.2D-01  1.0D-03  6.552D-05  8.251D-01
  485  541     0     0  con    0  1.0D+00  1.1D-03  1.674D-05  8.251D-01
  486  542     0     0  con    0  1.0D+00  2.7D-04  2.135D-05  8.251D-01
  487  543     0     0  con    0  1.0D+00  4.1D-04  2.638D-05  8.251D-01
  488  544     0     0  con    0  1.0D+00  8.3D-04  3.300D-05  8.251D-01
  489  545     0     0  con    0  1.0D+00  1.9D-03  1.807D-05  8.251D-01
  490  547     0     0  con    1  4.2D-01  8.2D-04  5.402D-05  8.251D-01
  491  548     0     0  con    0  1.0D+00  4.9D-04  2.097D-05  8.251D-01
  492  549     0     0  con    0  1.0D+00  2.1D-04  2.727D-05  8.251D-01
  493  550     0     0  con    0  1.0D+00  5.5D-04  3.068D-05  8.251D-01
  494  551     0     0  con    0  1.0D+00  2.1D-03  5.500D-05  8.251D-01
  495  552     0     0  con    0  1.0D+00  2.0D-03  4.879D-05  8.251D-01
  496  553     0     0  con    0  1.0D+00  4.8D-04  1.426D-05  8.251D-01
  497  554     0     0  con    0  1.0D+00  3.7D-04  1.603D-05  8.251D-01

CONVERGENCE: REL_REDUCTION_OF_F_<=_FACTR*EPSMCH             

 Total User time 1.654E+00 seconds.

